4.310220469000000776e+02 4.271479217099999914e+01 3.422074484219999846e+01 3.167069943599999959e+01 2.780781075000000158e+01 2.780781075000000158e+01 2.702919204900000594e+01 2.854935237000000470e+01 3.292444792799999931e+01 3.077397723000000340e+01 3.124617525239999694e+01 3.782162895000000447e+01 3.068912274120000205e+01 3.703019837868000508e+01 3.841669929427200714e+01 3.600235556100000167e+01 3.277072528412401198e+01 3.943658830199999699e+01 4.386978136320000488e+01 3.571508586000000207e+01 3.463597760999999764e+01 3.641201373599999869e+01 2.403770250000000530e+01 1.786629420000000223e+01 2.613375414000000063e+01 3.591706161120000473e+01 2.692995479999999731e+01 2.570093011199999822e+01 2.832192257400000557e+01 2.249176439999999744e+01 3.245240292000000437e+01 2.996224328999999642e+01
4.271479217100000625e+01 1.829353918221000015e+02 3.119469784241999832e+01 2.887278389459999772e+01 2.535144525000000471e+01 2.535144525000000471e+01 2.464160478300000534e+01 2.602748379000000156e+01 3.001611117600000611e+01 2.805559941000000279e+01 2.848591427783999919e+01 3.447975885000001028e+01 2.797746019991999589e+01 3.375745877368800052e+01 3.502161817966080548e+01 3.282081031439999919e+01 2.987436947001300425e+01 3.595082370450000298e+01 3.998902955423999828e+01 3.255965693400000305e+01 3.157689886260000023e+01 3.319599446099999795e+01 2.192249887500000227e+01 1.629367442100000218e+01 2.383104794850000019e+01 3.274249608167999526e+01 2.455073737200000039e+01 2.343015667199999896e+01 2.581954116030000179e+01 2.050483763999999809e+01 2.958555145199999714e+01 2.731537299899999738e+01
3.422074484220000556e+01 3.119469784241999832e+01 7.114368496176839471e+02 2.314201395491999591e+01 2.032022895000000062e+01 2.032022895000000062e+01 1.975126253939999899e+01 2.086210172200000201e+01 2.405915107679999920e+01 2.248772003799999908e+01 2.283225961956799921e+01 2.763488231000000539e+01 2.242338650798399868e+01 2.705422895753759960e+01 2.806779533623295819e+01 2.630434173527999775e+01 2.394205402821540218e+01 2.881129859929999881e+01 3.204069969900800174e+01 2.609663213079999977e+01 2.531115446131999391e+01 2.660880254339999595e+01 1.758952877499999801e+01 1.307221205219999938e+01 1.911418260569999461e+01 2.624036000801599755e+01 1.967756453039999798e+01 1.877911060479999605e+01 2.069411295125999928e+01 1.643515232799999737e+01 2.371357693039999504e+01 2.189397077979999651e+01
3.167069943599999604e+01 2.887278389459999772e+01 2.314201395491999591e+01 8.543323866960000146e+01 1.882072724999999735e+01 1.882072724999999735e+01 1.829374688700000107e+01 1.932261331000000126e+01 2.228374106400000088e+01 2.082827148999999878e+01 2.114683648583999798e+01 2.559258105000000327e+01 2.076619398391999738e+01 2.505228724928799977e+01 2.599148423796479790e+01 2.435901810139999313e+01 2.217018256589200220e+01 2.667822835399999803e+01 2.965850511104000020e+01 2.416900140399999941e+01 2.344477139159999979e+01 2.464648015199999520e+01 1.631750949999999989e+01 1.212536973599999968e+01 1.772214771599999850e+01 2.429798687007999902e+01 1.822422235199999463e+01 1.739168454399999675e+01 1.916509703880000259e+01 1.522187463999999579e+01 2.196299055199999373e+01 2.027771157399999424e+01
2.780781075000000513e+01 2.535144525000000471e+01 2.032022895000000418e+01 1.882072725000000091e+01 3.252675625000000537e+01 1.652675625000000181e+01 1.606400707500000635e+01 1.696746975000000646e+01 1.956767940000000650e+01 1.828961025000000262e+01 1.856928704999999979e+01 2.247289125000000709e+01 1.823482815000000201e+01 2.199818068500000834e+01 2.282294956320000168e+01 2.138955022500000425e+01 1.946740713645000653e+01 2.342578372500000583e+01 2.604163224000000554e+01 2.122295100000000545e+01 2.058735120000000052e+01 2.164256955000000104e+01 1.433146875000000442e+01 1.064940075000000341e+01 1.556408587500000174e+01 2.133576522000000608e+01 1.600281900000000235e+01 1.527171360000000178e+01 1.682894317500000270e+01 1.336650000000000027e+01 1.928595000000000326e+01 1.780608750000000384e+01
2.780781075000000513e+01 2.535144525000000471e+01 2.032022895000000418e+01 1.882072725000000091e+01 1.652675625000000181e+01 4.152675625000000537e+01 1.606400707500000635e+01 1.696746975000000646e+01 1.956767940000000650e+01 1.828961025000000262e+01 1.856928704999999979e+01 2.247289125000000709e+01 1.823482815000000201e+01 2.199818068500000834e+01 2.282294956320000168e+01 2.138955022500000425e+01 1.946740713645000653e+01 2.342578372500000583e+01 2.604163224000000554e+01 2.122295100000000545e+01 2.058735120000000052e+01 2.164256955000000104e+01 1.433146875000000442e+01 1.064940075000000341e+01 1.556408587500000174e+01 2.133576522000000608e+01 1.600281900000000235e+01 1.527171360000000178e+01 1.682894317500000270e+01 1.336650000000000027e+01 1.928595000000000326e+01 1.780608750000000384e+01
2.702919204900000949e+01 2.464160478300000889e+01 1.975126253940000254e+01 1.829374688700000107e+01 1.606400707500000635e+01 1.606400707500000635e+01 8.917742148769000323e+02 1.649238059700000747e+01 1.901978437680000411e+01 1.777750116300000371e+01 1.804934701260000196e+01 2.184365029500000688e+01 1.772425296180000487e+01 2.138223162582000469e+01 2.218390697543040346e+01 2.079064281870000386e+01 1.892231973662940803e+01 2.276986178070000832e+01 2.531246653728000595e+01 2.062870837200000551e+01 2.001090536640000295e+01 2.103657760260000131e+01 1.393018762500000385e+01 1.035121752900000480e+01 1.512829147050000245e+01 2.073836379384000494e+01 1.555474006800000275e+01 1.484410561920000049e+01 1.635773276610000337e+01 1.299223800000000040e+01 1.874594340000000159e+01 1.730751705000000129e+01
2.854935237000000470e+01 2.602748379000000156e+01 2.086210172200000201e+01 1.932261331000000126e+01 1.696746975000000290e+01 1.696746975000000290e+01 1.649238059700000747e+01 2.134199356100000102e+02 2.008948418400000335e+01 1.877733319000000378e+01 1.906446803800000112e+01 2.307216835000000543e+01 1.872109023400000183e+01 2.258479883660000453e+01 2.343156155155200437e+01 2.195993823099999886e+01 1.998653799342200799e+01 2.405047129100000447e+01 2.673607576639999905e+01 2.178889636000000607e+01 2.113634723200000209e+01 2.221970473800000079e+01 1.471364125000000023e+01 1.093338477000000175e+01 1.597912816500000055e+01 2.190471895920000378e+01 1.642956084000000416e+01 1.567895929600000038e+01 1.727771499300000002e+01 1.372293999999999770e+01 1.980024200000000079e+01 1.828091650000000001e+01
3.292444792799999931e+01 3.001611117600000256e+01 2.405915107679999920e+01 2.228374106400000088e+01 1.956767940000000650e+01 1.956767940000000650e+01 1.901978437680000411e+01 2.008948418400000335e+01 1.362728132409600221e+03 2.165489853600000458e+01 2.198603586720000180e+01 2.660790324000000595e+01 2.159003652959999897e+01 2.604584593104000234e+01 2.702237228282880466e+01 2.532522746640000122e+01 2.304941004955680128e+01 2.773612793040000213e+01 3.083329257216000130e+01 2.512797398400000048e+01 2.437542382079999825e+01 2.562480234719999928e+01 1.696845900000000285e+01 1.260889048800000189e+01 1.842787767599999782e+01 2.526154602048000086e+01 1.894733769600000173e+01 1.808170890240000261e+01 1.992546871920000129e+01 1.582593600000000045e+01 2.283456480000000255e+01 2.108240759999999980e+01
3.077397723000000340e+01 2.805559941000000279e+01 2.248772003799999908e+01 2.082827149000000233e+01 1.828961025000000262e+01 1.828961025000000262e+01 1.777750116300000371e+01 1.877733319000000378e+01 2.165489853600000103e+01 2.162405020100000002e+02 2.055001100200000153e+01 2.486999965000000401e+01 2.017987648600000128e+01 2.434465329140000378e+01 2.525739751660800181e+01 2.367110224900000048e+01 2.154393056433800524e+01 2.592453398900000394e+01 2.881940634560000447e+01 2.348673244000000082e+01 2.278333532799999972e+01 2.395111030200000002e+01 1.586015875000000186e+01 1.178533683000000032e+01 1.722425503499999877e+01 2.361158017680000043e+01 1.770978635999999895e+01 1.690069638399999619e+01 1.862403044700000265e+01 1.479225999999999885e+01 2.134311799999999693e+01 1.970540349999999563e+01
3.124617525240000404e+01 2.848591427784000274e+01 2.283225961956799921e+01 2.114683648583999798e+01 1.856928704999999979e+01 1.856928704999999979e+01 1.804934701260000196e+01 1.906446803800000112e+01 2.198603586720000180e+01 2.055001100200000153e+01 2.031142887251359923e+02 2.525049821000000350e+01 2.048862088996800068e+01 2.471728079327520078e+01 2.564395457494272179e+01 2.403334654596000064e+01 2.187370377021960621e+01 2.632141608500000274e+01 2.926126088537600012e+01 2.384600318560000076e+01 2.313163583744000107e+01 2.431727974199999665e+01 1.610099154999999982e+01 1.196439213240000043e+01 1.748643649739999972e+01 2.397302977731200002e+01 1.798067923679999680e+01 1.715924204799999586e+01 1.890894652572000467e+01 1.501848745599999724e+01 2.166953190079999558e+01 2.000677078959999378e+01
3.782162895000000447e+01 3.447975885000000318e+01 2.763488231000000184e+01 2.559258104999999972e+01 2.247289125000000709e+01 2.247289125000000709e+01 2.184365029500000688e+01 2.307216835000000188e+01 2.660790324000000595e+01 2.486999965000000401e+01 2.525049820999999994e+01 3.195594622500000241e+02 2.479640162999999831e+01 2.991484949700000584e+01 3.103620803232000114e+01 2.908678108500000192e+01 2.647338522417000561e+01 3.185661438500000386e+01 3.541749598400000565e+01 2.885939260000000672e+01 2.799393272000000010e+01 2.942887143000000094e+01 1.947844375000000383e+01 1.447454295000000180e+01 2.115723577500000019e+01 2.901428037200000176e+01 2.176090139999999806e+01 2.076689056000000377e+01 2.288449195500000144e+01 1.817577999999999960e+01 2.622505400000000009e+01 2.421273550000000441e+01
3.068912274120000205e+01 2.797746019991999944e+01 2.242338650798399868e+01 2.076619398391999738e+01 1.823482815000000201e+01 1.823482815000000201e+01 1.772425296180000487e+01 1.872109023400000183e+01 2.159003652959999897e+01 2.017987648600000128e+01 2.048862088996800068e+01 2.479640163000000186e+01 1.241601687911839917e+02 2.427336433281759653e+01 2.518324898132735967e+01 2.360145212347999788e+01 2.148090879060280400e+01 2.584894673900000228e+01 2.873834432268799688e+01 2.341693557279999993e+01 2.271467470272000000e+01 2.387900545799999819e+01 1.580497764999999966e+01 1.174477578120000132e+01 1.716720625620000007e+01 2.354263167625600062e+01 1.765711479840000209e+01 1.685056172799999885e+01 1.856881524035999931e+01 1.474809212799999614e+01 2.127939007039999808e+01 1.964656558479999759e+01
3.703019837868000508e+01 3.375745877368800052e+01 2.705422895753759960e+01 2.505228724928800332e+01 2.199818068500000834e+01 2.199818068500000834e+01 2.138223162582000469e+01 2.258479883660000098e+01 2.604584593104000234e+01 2.434465329140000733e+01 2.471728079327520078e+01 2.991484949700000584e+01 2.427336433281760009e+01 1.547246070036686376e+02 3.038214952811750891e+01 2.847364249397200453e+01 2.591571447855572785e+01 3.118579919650000676e+01 3.467473675544320599e+01 2.825034107792000171e+01 2.740216835740799795e+01 2.880685074540000201e+01 1.905912183500000268e+01 1.416339639468000300e+01 2.070472441518000295e+01 2.840320951307840147e+01 2.130161372975999967e+01 2.032871634560000018e+01 2.240166945260400411e+01 1.779198249920000308e+01 2.567128903455999733e+01 2.370146240071999699e+01
3.841669929427200003e+01 3.502161817966079838e+01 2.806779533623295819e+01 2.599148423796479790e+01 2.282294956320000168e+01 2.282294956320000168e+01 2.218390697543040346e+01 2.343156155155200437e+01 2.702237228282880466e+01 2.525739751660800181e+01 2.564395457494271824e+01 3.103620803232000469e+01 2.518324898132735967e+01 3.038214952811750891e+01 1.979308736503123782e+02 2.954087590400639840e+01 2.688697935337271616e+01 3.235451228891520259e+01 3.597344838297599523e+01 2.930937965414400281e+01 2.842965296171519896e+01 2.988698694831359859e+01 1.977564496799999816e+01 1.469575346515200032e+01 2.148238276329599827e+01 2.946766944726527626e+01 2.210017167590400078e+01 2.109076905861119755e+01 2.324142193795200129e+01 1.845901489151999542e+01 2.663372148633599679e+01 2.459004483763199644e+01
3.600235556100000167e+01 3.282081031439999919e+01 2.630434173527999775e+01 2.435901810139999668e+01 2.138955022500000425e+01 2.138955022500000425e+01 2.079064281870000741e+01 2.195993823100000242e+01 2.532522746640000122e+01 2.367110224900000048e+01 2.403334654595999709e+01 2.908678108500000548e+01 2.360145212347999788e+01 2.847364249397200453e+01 2.954087590400639840e+01 2.487845286719700198e+03 2.519801329394620382e+01 3.032203726310000036e+01 3.371299736480000320e+01 2.746848011200000528e+01 2.664421376760000015e+01 2.801000810579999722e+01 1.853528462499999918e+01 1.377391670100000098e+01 2.013435292049999958e+01 2.761656533943999747e+01 2.071208605200000008e+01 1.976605471359999555e+01 2.178161796450000054e+01 1.729966335999999671e+01 2.496094284799999485e+01 2.304562297599999710e+01
3.277072528412401198e+01 2.987436947001300425e+01 2.394205402821540218e+01 2.217018256589200575e+01 1.946740713645000298e+01 1.946740713645000298e+01 1.892231973662940803e+01 1.998653799342200799e+01 2.304941004955680484e+01 2.154393056433800879e+01 2.187370377021960621e+01 2.647338522417000917e+01 2.148090879060280400e+01 2.591571447855572785e+01 2.688697935337271616e+01 2.519801329394620382e+01 1.039343842273791978e+02 2.759822339081320663e+01 3.068606277737728405e+01 2.500033907577200409e+01 2.424965740343640519e+01 2.549274334793760133e+01 1.686578565950000552e+01 1.253350309010400387e+01 1.832226857650800156e+01 2.513573000353184383e+01 1.885100989396800486e+01 1.799004930993919871e+01 1.982452746120360487e+01 1.574512205000000087e+01 2.271796181500000245e+01 2.097475187375000161e+01
3.943658830200000409e+01 3.595082370449999587e+01 2.881129859929999881e+01 2.667822835399999803e+01 2.342578372500000228e+01 2.342578372500000228e+01 2.276986178070000477e+01 2.405047129100000447e+01 2.773612793040000213e+01 2.592453398900000394e+01 2.632141608499999919e+01 3.185661438500000386e+01 2.584894673899999873e+01 3.118579919650000321e+01 3.235451228891519548e+01 3.032203726309999681e+01 2.759822339081320663e+01 3.877210565294600201e+03 3.692734674304000464e+01 3.008393288600000304e+01 2.918028424219999906e+01 3.067614935280000310e+01 2.029256974999999841e+01 1.508020549200000282e+01 2.204595455400000148e+01 3.024726666191999769e+01 2.268417866399999738e+01 2.164819429759999991e+01 2.385571084980000478e+01 1.894668019999999586e+01 2.733735285999999931e+01 2.523968469499999756e+01
4.386978136320000488e+01 3.998902955424000538e+01 3.204069969900800174e+01 2.965850511104000375e+01 2.604163224000000554e+01 2.604163224000000554e+01 2.531246653728000950e+01 2.673607576640000616e+01 3.083329257216000130e+01 2.881940634560000802e+01 2.926126088537600367e+01 3.541749598400000565e+01 2.873834432268800043e+01 3.467473675544320599e+01 3.597344838297600234e+01 3.371299736480000320e+01 3.068606277737728760e+01 3.692734674304000464e+01 2.100720384389119886e+02 3.344548937600000471e+01 3.243702468032000041e+01 3.410014188672000301e+01 2.252762720000000130e+01 1.674295009920000155e+01 2.448573940800000059e+01 3.363198558719999909e+01 2.521872138240000183e+01 2.406751053824000053e+01 2.652185762304000249e+01 2.106292697599999997e+01 3.039079463679999904e+01 2.805882772159999661e+01
3.571508586000000207e+01 3.255965693400000305e+01 2.609663213079999977e+01 2.416900140399999941e+01 2.122295100000000545e+01 2.122295100000000545e+01 2.062870837200000551e+01 2.178889636000000252e+01 2.512797398400000048e+01 2.348673244000000437e+01 2.384600318560000076e+01 2.885939260000000672e+01 2.341693557279999993e+01 2.825034107792000171e+01 2.930937965414400281e+01 2.746848011200000172e+01 2.500033907577200409e+01 3.008393288600000304e+01 3.344548937600000471e+01 9.125401652000000752e+01 2.643707887599999751e+01 2.779218514799999795e+01 1.839810250000000025e+01 1.367155926000000221e+01 1.998263942999999898e+01 2.739980406239999766e+01 2.055041352000000288e+01 1.961164441599999719e+01 2.161143273000000065e+01 1.716478959999999887e+01 2.476633928000000040e+01 2.286595185999999913e+01
3.463597761000000474e+01 3.157689886260000023e+01 2.531115446131999747e+01 2.344477139159999979e+01 2.058735120000000052e+01 2.058735120000000052e+01 2.001090536640000295e+01 2.113634723200000209e+01 2.437542382080000181e+01 2.278333532800000327e+01 2.313163583743999752e+01 2.799393272000000010e+01 2.271467470272000000e+01 2.740216835740799795e+01 2.842965296171519896e+01 2.664421376760000015e+01 2.424965740343640519e+01 2.918028424220000261e+01 3.243702468032000041e+01 2.643707887599999751e+01 1.154605865257999994e+03 2.696031843959999463e+01 1.785705025000000035e+01 1.326893139000000055e+01 1.939125789899999930e+01 2.657691628591999589e+01 1.993447091999999543e+01 1.902366968319999785e+01 2.096346160739999931e+01 1.665054663999999818e+01 2.402436015199999630e+01 2.218090677399999322e+01
3.641201373599999869e+01 3.319599446099999795e+01 2.660880254339999240e+01 2.464648015199999520e+01 2.164256954999999749e+01 2.164256954999999749e+01 2.103657760260000131e+01 2.221970473800000079e+01 2.562480234719999572e+01 2.395111030200000002e+01 2.431727974199999665e+01 2.942887143000000094e+01 2.387900545799999819e+01 2.880685074539999846e+01 2.988698694831359859e+01 2.801000810579999722e+01 2.549274334793759778e+01 3.067614935280000310e+01 3.410014188671999591e+01 2.779218514799999795e+01 2.696031843959999463e+01 1.723421502503999818e+02 1.877154299999999765e+01 1.394850315600000101e+01 2.038461352199999865e+01 2.793931457855999412e+01 2.095626355199999935e+01 1.999879015679999483e+01 2.203801568639999786e+01 1.750399559999999610e+01 2.525576507999999265e+01 2.331782270999999440e+01
2.403770250000000530e+01 2.192249887500000227e+01 1.758952877500000156e+01 1.631750950000000344e+01 1.433146875000000264e+01 1.433146875000000264e+01 1.393018762500000385e+01 1.471364125000000200e+01 1.696845900000000285e+01 1.586015875000000364e+01 1.610099154999999982e+01 1.947844375000000028e+01 1.580497765000000143e+01 1.905912183500000268e+01 1.977564496800000171e+01 1.853528462500000273e+01 1.686578565950000197e+01 2.029256975000000196e+01 2.252762720000000130e+01 1.839810250000000025e+01 1.785705025000000035e+01 1.877154299999999765e+01 3.015078125000000000e+02 9.289665000000001172e+00 1.355357249999999958e+01 1.848318779999999961e+01 1.387323000000000128e+01 1.323805599999999849e+01 1.458758775000000085e+01 1.158955000000000091e+01 1.672206499999999707e+01 1.543893624999999936e+01
1.786629420000000223e+01 1.629367442100000218e+01 1.307221205219999938e+01 1.212536973599999968e+01 1.064940075000000341e+01 1.064940075000000341e+01 1.035121752900000303e+01 1.093338477000000175e+01 1.260889048800000189e+01 1.178533683000000210e+01 1.196439213240000043e+01 1.447454295000000357e+01 1.174477578120000132e+01 1.416339639468000122e+01 1.469575346515200209e+01 1.377391670099999921e+01 1.253350309010400387e+01 1.508020549200000104e+01 1.674295009920000155e+01 1.367155926000000044e+01 1.326893138999999877e+01 1.394850315599999924e+01 9.289664999999999395e+00 1.606899782499999901e+03 1.006808048999999983e+01 1.373551945919999895e+01 1.030911839999999913e+01 9.837202751999999606e+00 1.084005914400000137e+01 8.612024400000001023e+00 1.242592091999999937e+01 1.147244679000000112e+01
2.613375414000000418e+01 2.383104794850000374e+01 1.911418260569999816e+01 1.772214771600000205e+01 1.556408587500000351e+01 1.556408587500000351e+01 1.512829147050000422e+01 1.597912816500000410e+01 1.842787767600000137e+01 1.722425503500000232e+01 1.748643649739999972e+01 2.115723577500000374e+01 1.716720625620000007e+01 2.070472441518000650e+01 2.148238276329600183e+01 2.013435292049999958e+01 1.832226857650800511e+01 2.204595455400000148e+01 2.448573940800000059e+01 1.998263943000000253e+01 1.939125789899999930e+01 2.038461352199999865e+01 1.355357249999999958e+01 1.006808049000000160e+01 5.436979477449999649e+02 2.007982136160000053e+01 1.506789647999999993e+01 1.437853622399999942e+01 1.584445590000000159e+01 1.258688339999999961e+01 1.816107462000000083e+01 1.676752681499999653e+01
3.591706161120000473e+01 3.274249608168000236e+01 2.624036000801599755e+01 2.429798687007999902e+01 2.133576522000000253e+01 2.133576522000000253e+01 2.073836379384000494e+01 2.190471895920000378e+01 2.526154602048000442e+01 2.361158017680000398e+01 2.397302977731200002e+01 2.901428037200000531e+01 2.354263167625600062e+01 2.840320951307840147e+01 2.946766944726527981e+01 2.761656533943999747e+01 2.513573000353184383e+01 3.024726666192000124e+01 3.363198558719999909e+01 2.739980406240000121e+01 2.657691628591999589e+01 2.793931457855999767e+01 1.848318779999999961e+01 1.373551945920000072e+01 2.007982136160000053e+01 4.275483910042880211e+02 2.066027187839999968e+01 1.971670052351999658e+01 2.172725367119999973e+01 1.725626179199999655e+01 2.489832058559999695e+01 2.298780588720000040e+01
2.692995480000000086e+01 2.455073737200000039e+01 1.967756453040000153e+01 1.822422235199999818e+01 1.600281899999999879e+01 1.600281899999999879e+01 1.555474006800000275e+01 1.642956084000000416e+01 1.894733769600000173e+01 1.770978636000000250e+01 1.798067923679999680e+01 2.176090140000000162e+01 1.765711479840000209e+01 2.130161372976000322e+01 2.210017167590400433e+01 2.071208605200000008e+01 1.885100989396800486e+01 2.268417866399999738e+01 2.521872138240000183e+01 2.055041352000000288e+01 1.993447091999999543e+01 2.095626355199999935e+01 1.387323000000000128e+01 1.030911840000000090e+01 1.506789648000000170e+01 2.066027187840000323e+01 3.044956816000000117e+02 1.478781158399999995e+01 1.629571456800000107e+01 1.294282079999999802e+01 1.867464143999999848e+01 1.724168627999999615e+01
2.570093011200000177e+01 2.343015667199999896e+01 1.877911060479999961e+01 1.739168454399999675e+01 1.527171360000000000e+01 1.527171360000000000e+01 1.484410561920000404e+01 1.567895929600000215e+01 1.808170890240000261e+01 1.690069638399999974e+01 1.715924204799999586e+01 2.076689056000000022e+01 1.685056172799999885e+01 2.032871634559999663e+01 2.109076905861119755e+01 1.976605471359999910e+01 1.799004930993920226e+01 2.164819429760000347e+01 2.406751053823999698e+01 1.961164441600000075e+01 1.902366968319999785e+01 1.999879015680000194e+01 1.323805600000000027e+01 9.837202751999999606e+00 1.437853622400000120e+01 1.971670052351999658e+01 1.478781158399999995e+01 1.143072301465600049e+03 1.555132874880000138e+01 1.235153919999999772e+01 1.782150655999999955e+01 1.645401471999999643e+01
2.832192257399999846e+01 2.581954116029999824e+01 2.069411295125999928e+01 1.916509703879999904e+01 1.682894317499999914e+01 1.682894317499999914e+01 1.635773276610000337e+01 1.727771499300000002e+01 1.992546871920000129e+01 1.862403044700000265e+01 1.890894652572000112e+01 2.288449195500000499e+01 1.856881524035999576e+01 2.240166945260400055e+01 2.324142193795200129e+01 2.178161796450000054e+01 1.982452746120360487e+01 2.385571084980000123e+01 2.652185762303999894e+01 2.161143273000000420e+01 2.096346160739999576e+01 2.203801568639999786e+01 1.458758774999999908e+01 1.084005914400000137e+01 1.584445589999999982e+01 2.172725367119999618e+01 1.629571456800000107e+01 1.555132874879999783e+01 3.411370945817999996e+02 1.361100971999999842e+01 1.963874259600000016e+01 1.813180937699999618e+01
2.249176439999999744e+01 2.050483763999999809e+01 1.643515232799999737e+01 1.522187463999999757e+01 1.336650000000000027e+01 1.336650000000000027e+01 1.299223800000000040e+01 1.372293999999999947e+01 1.582593600000000045e+01 1.479225999999999885e+01 1.501848745599999724e+01 1.817577999999999960e+01 1.474809212799999791e+01 1.779198249919999952e+01 1.845901489151999897e+01 1.729966335999999671e+01 1.574512204999999909e+01 1.894668019999999942e+01 2.106292697599999642e+01 1.716478960000000242e+01 1.665054663999999818e+01 1.750399559999999610e+01 1.158955000000000091e+01 8.612024400000001023e+00 1.258688339999999961e+01 1.725626179199999655e+01 1.294282079999999802e+01 1.235153919999999772e+01 1.361100972000000020e+01 2.068105759999999975e+02 1.559811679999999789e+01 1.440123159999999736e+01
3.245240291999999727e+01 2.958555145199999359e+01 2.371357693039999504e+01 2.196299055199999373e+01 1.928594999999999970e+01 1.928594999999999970e+01 1.874594339999999804e+01 1.980024199999999723e+01 2.283456479999999900e+01 2.134311799999999693e+01 2.166953190079999558e+01 2.622505399999999653e+01 2.127939007039999453e+01 2.567128903455999733e+01 2.663372148633599679e+01 2.496094284799999130e+01 2.271796181499999889e+01 2.733735285999999931e+01 3.039079463679999549e+01 2.476633927999999685e+01 2.402436015199999275e+01 2.525576507999999620e+01 1.672206499999999707e+01 1.242592091999999937e+01 1.816107461999999728e+01 2.489832058559999339e+01 1.867464143999999493e+01 1.782150655999999245e+01 1.963874259599999661e+01 1.559811679999999434e+01 1.622505854239999962e+03 2.077891987999999301e+01
2.996224328999999642e+01 2.731537299899999738e+01 2.189397077980000006e+01 2.027771157399999424e+01 1.780608750000000029e+01 1.780608750000000029e+01 1.730751705000000484e+01 1.828091650000000001e+01 2.108240759999999980e+01 1.970540349999999918e+01 2.000677078959999378e+01 2.421273550000000441e+01 1.964656558479999759e+01 2.370146240071999699e+01 2.459004483763200000e+01 2.304562297599999354e+01 2.097475187375000161e+01 2.523968469499999756e+01 2.805882772159999661e+01 2.286595185999999913e+01 2.218090677399999677e+01 2.331782270999999795e+01 1.543893624999999936e+01 1.147244678999999934e+01 1.676752681499999653e+01 2.298780588719999685e+01 1.724168627999999615e+01 1.645401471999999643e+01 1.813180937699999973e+01 1.440123159999999736e+01 2.077891987999999657e+01 2.559344497809999666e+03
